0.22086109
0.02307847
0.0133559285
0.014443791
0.0045345533
0.0066564223
0.0025132124
0.0025275736
0.004696117
0.0016192268
0.0020069797
0.0016730813
0.0024126838
0.0038847083
0.0016192268
0.015563965
0.004175523
0.0013355928
0.0012960995
0.0011883904
0.0022295783
0.008386948
0.00094784005
0.00090834673
0.0025203929
0.0015330595
0.0007826861
0.0010375977
0.0013930377
0.001231474
0.0008688534
0.0013858571
0.007679659
0.0020428826
0.0011776194
0.0018023322
0.016371783
0.0017269359
0.0009801527
0.0011201747
0.0030338063
0.00071806065
0.001159668
0.0023372874
0.0010842716
0.0022008559
0.0016623104
0.0010735007
0.004581227
0.0011381261
0.0014181698
0.006958008
0.0021218692
0.0011165843
0.0008616728
0.00071088003
0.0034969554
0.0036405677
0.0011273553
0.0024808997
0.0016515395
0.0019603055
0.00082936004
0.0009011661
0.0064230524
0.00983025
0.001349954
0.0020644243
0.010092342
0.007302677
0.0017915614
0.001561782
0.049291275
0.0062902113
0.00092629826
0.0013643153
0.011266372
0.0036082547
0.0014468923
0.0018741384
0.0032994887
0.00082576973
0.0011560777
0.0016623104
0.0027968462
0.001716165
0.0017448874
0.0025203929
0.001989028
0.00061035156
0.0005026425
0.001159668
0.0033677046
0.0013104607
0.0014612535
0.0023947323
0.0022690718
0.002545525
0.0008652631
0.0027753045
0.0030589383
0.0046566236
0.007302677
0.00094784005
0.002060834
0.0026783664
0.00061394187
0.0008509019
0.0034754137
0.0016156365
0.0027214498
0.0031989603
0.0040139593
0.00056367763
0.0031056125
0.003030216
0.010264677
0.006286621
0.0009909237
0.0015402401
0.0026352827
0.0011704388
0.0005421358
0.00082936004
0.0019172219
0.0009011661
0.00095143035
0.0014073988
0.0030338063
0.0027034984
0.0006642061
0.011348949
0.006591797
0.013837029
0.00071447034
0.00071088003
0.0028219784
0.012950224
0.0009011661
0.03289795
0.0011560777
0.014361213
0.0010806813
0.00087962433
0.0019674862
0.00059599034
0.0009047564
0.0006570255
0.0009334789
0.0009657916
0.0005888097
0.000757554
0.0010627297
0.00056726794
0.00061394187
0.00048828125
0.0009801527
0.0009442498
0.0005170037
0.00040570428
0.0014504825
0.00059599034
0.00071806065
0.00061394187
0.0007647346
0.0006354837
0.00044160732
0.0006570255
0.0011919807
0.00056726794
0.0005134134
0.00047392002
0.00072165095
0.0006462546
0.00057803886
0.0005098231
0.0013284122
0.00036621094
0.000438017
0.0004272461
0.00060676126
0.0006318934
0.000556497
0.0033892463
0.0023265164
0.0022690718
0.0020464729
0.0007898667
0.0007503734
0.0010411879
0.0007719152
0.0007539637
0.010961196
0.002416274
0.0015258789
0.0040319106
0.003220502
0.0011812098
0.002757353
0.0034538717
0.0039960076
0.0030876608
0.0008652631
0.0020536536
0.021872127
0.001195571
0.0022870232
0.0025598863
0.0022511203
0.0016048655
0.0033569336
0.0017233456
0.0007539637
0.00084372127
0.0012458352
0.0011668486
0.002236759
0.0012709674
0.00071806065
0.0013607249
0.0006318934
0.0006534352
0.0009047564
0.0008509019
0.0023049747
0.0006318934
0.00083295035
0.0009370692
0.00092988857
0.00048110064
0.00045955883
0.00068933825
0.011180204
0.005432129
0.0007826861
0.0029979032
0.0024414062
0.00087962433
0.0004272461
0.0005313649
0.0023444681
0.00080781826
0.00068574795
0.00072524126
0.0007360122
0.0007431928
0.0025311639
0.0013355928
0.00343233
0.0015043371
0.0009909237
0.00091911765
0.000994514
0.001479205
0.0062794406
0.04371194
0.0
0.0
0.0
0.0
0.0
0.0
0.0
0.0
0.0
0.0
0.0
0.0
0.0
0.0
0.0
0.0
0.0
0.0
0.0
0.0
0.0
0.0
0.0
0.0
0.0
0.0
0.0
0.0
0.0
0.0
0.0
0.0
0.0032846374
0.0002540504
2.162131e-05
2.162131e-05
2.162131e-05
0.0
1.8017759e-06
1.8017759e-06
5.4053276e-06
1.8017759e-06
0.0
7.2071034e-06
4.1440842e-05
1.6215983e-05
5.4053276e-06
5.4053276e-06
0.012142167
0.0015243024
0.00029368946
0.0
1.8017759e-06
0.0
3.6035517e-06
1.0810655e-05
0.00023963618
1.26124305e-05
0.0
0.0
1.0810655e-05
7.2071034e-06
3.6035517e-06
0.00050990254
0.005859375
0.00016035805
0.000100899444
2.162131e-05
2.5224861e-05
0.0
1.8017759e-06
9.008879e-06
0.00038558003
3.7837293e-05
5.4053276e-06
1.8017759e-06
3.6035515e-05
1.4414207e-05
1.8017759e-06
0.00071890856
0.017068222
0.00010810655
0.0003045001
0.00012972786
0.00027386993
8.468347e-05
8.468347e-05
0.00024143796
0.00073692633
0.0007657547
0.00012252075
0.0002234202
0.00026486104
0.00020720423
7.567459e-05
0.0014486278
0.018916845
0.0010630478
0.0005981896
0.0004846777
0.0010684531
0.00012432253
0.00014594384
0.0002468433
0.00053332566
0.00044503863
0.0002522486
0.00021080778
0.00025585218
0.00019098824
0.00014594384
0.0011477312
0.022981651
0.0002234202
0.0017495244
0.0006396304
0.0016936692
0.00086665415
0.0046665994
0.0026792407
0.0010594442
0.0004774706
9.549412e-05
0.00016756516
0.00023062731
0.00022161842
8.107991e-05
0.002756717
0.019468188
0.00040359778
0.0014197994
0.00075494405
0.0022107789
0.0010180033
0.005178304
0.0028972556
0.0007513405
0.00032431964
0.0002234202
0.00014053851
0.000297293
0.00020720423
0.00012972786
0.0014756544
0.027826626
0.0016017787
0.0030035602
0.0018756486
0.0028395988
0.0023567227
0.010589036
0.0057260436
0.0013080892
0.0006540446
0.0003657605
0.000313509
0.00068107125
0.0009459323
0.0006053967
0.0020378085
0.035413902
0.004187327
0.0030954508
0.0029116697
0.0034756255
0.0025675306
0.0030522083
0.0028323915
0.0018792521
0.0010666513
0.001518897
0.00074413343
0.0012666484
0.001342323
0.0012738556
0.0034828326
0.007545837
0.00032431964
0.00041260666
0.00036035516
0.0007135032
0.0007098997
0.0007243139
0.00030990544
0.0006035949
0.00035314806
0.0003567516
0.00042882265
0.0007207103
0.00043783154
0.00043783154
0.0003207161
0.005969283
0.0005675594
0.0008612489
0.00090449146
0.0030197762
0.0004108049
0.00034774272
0.0004396333
0.002837797
0.00014774562
0.00014414206
0.0003729676
0.0022215897
0.0008216098
0.0008270151
0.0022468145
0.11748479
0.015643017
0.026280703
0.020361869
0.08184566
0.015626801
0.012302525
0.01868802
0.07804392
0.0059206355
0.004828759
0.011181821
0.04930019
0.012536756
0.021338431
0.039981406
0.024360009
0.0041530933
0.007001701
0.005578298
0.018606938
0.0038449897
0.0035026523
0.0051638894
0.017497046
0.001736912
0.0012810626
0.0035134628
0.011219658
0.0035873356
0.005963878
0.012140365
0.0024089743
0.0010648496
0.0010954797
0.0010180033
0.0010216068
0.0009549412
0.0010468317
0.00097115716
0.0010558406
0.0010089944
0.0011945774
0.0011927756
0.0011044886
0.0010702548
0.001077462
0.0011639472
1438.0
11.121696
15993.0
0.030388296
0.000875383
0.0050021885
0.00068780093
0.026136436
0.0015631838
0.0013130745
0.0005627462
0.0023760395
0.0016882386
0.00031263678
0.0014381292
0.002626149
0.018070405
0.00850372
0.001938348
0.0097542675
0.004939661
0.001750766
0.007440755
0.001938348
0.00075032824
0.00062527356
0.00031263678
0.0033139498
0.018695679
0.0013130745
0.0023135121
0.004939661
0.001750766
0.0018132933
0.001750766
0.007753392
0.06127681
0.0025010942
0.008003501
0.020821609
0.011004815
0.006690427
0.0048771338
0.021884574
0.003001313
0.00018758206
0.0005627462
0.008003501
0.0020634027
0.0026886764
0.0014381292
0.005815044
0.0011880198
0.0046270243
0.00875383
0.011254924
0.011379979
0.016444694
0.021696992
0.0021884574
0.00037516412
0.0008128556
0.0015631838
0.008628775
0.009504158
0.012442944
0.021446884
0.0011880198
0.029700493
0.005815044
0.022384793
0.020884138
0.063152626
0.022509849
0.007003064
0.0062527354
0.034202464
0.0005002188
0.002813731
0.030700931
0.0150065655
0.031576313
0.040830363
0.016257113
0.0008128556
0.03664103
0.029137747
0.049771775
0.024635779
0.0039392235
0.013068218
0.009504158
0.007003064
0.0015006565
0.00075032824
0.0032514224
6.252735e-05
0.00031263678
0.001062965
5.6630344
0.0
2.0
0.0
5.0
278528.0
413696.0
1.0
0.0
271.0
1.0
1.0
0.0
0.0
0.0
185746740.0
0.0
0.0
0.0
0.0
0.0
0.0
-1.0
0.0
0.0
0.0
0.0
0.0
0.0
2.0
0.0
0.0
0.0
0.0
0.0
0.0
0.0
0.0
0.0
0.0
0.0
0.0
0.0
1.0
0.0
0.0
1.0
-2.0
0.0
0.0
0.0
0.0
0.0
0.0
0.0
0.0
0.0
0.0
0.0
0.0
1.0
0.0
0.0
0.0
0.0
0.0
10.0
0.0
14.0
13.0
10.0
0.0
10.0
0.0
189440.0
1024.0
4096.0
7.0
0.0
0.0
1.0
2.0
0.0
0.0
0.0
0.0
0.0
-1024.0
0.0
0.0
0.0
0.0
0.0
0.0
0.0
0.0
42496.0
0.0
0.0
0.0
0.0
9216.0
0.0
0.0
0.0
0.0
0.0
0.0
0.0
0.0
0.0
0.0
0.0
0.0
-512.0
0.0
0.0
0.0
0.0
0.0
0.0
0.0
0.0
-189440.0
0.0
33792.0
0.0
0.0
0.0
0.0
0.0
0.0
0.0
0.0
0.0
0.0
0.0
-5.2029195
0.0
0.0
0.0
0.0
0.0
0.0
0.0
0.0
4.931871
0.0
0.0
0.0
0.0
5.576341
0.0
0.0
0.0
0.0
0.0
0.0
0.0
0.0
0.0
0.0
0.0
0.0
-3.2426772
0.0
0.0
0.0
0.0
0.0
0.0
0.0
0.0
-6.383011
0.0
1.8692344
0.0
0.0
0.0
0.0
0.0
0.0
0.0
0.0
0.0
0.0
0.0
-776.0
0.0
0.0
0.0
0.0
0.0
0.0
0.0
0.0
42164.0
0.0
0.0
0.0
0.0
9024.0
0.0
0.0
0.0
0.0
0.0
0.0
0.0
0.0
0.0
0.0
0.0
0.0
-113624.0
0.0
0.0
0.0
0.0
0.0
0.0
0.0
0.0
-189240.0
0.0
33896.0
0.0
0.0
0.0
0.0
0.0
0.0
0.0
0.0
0.0
-1.0
0.0
0.0
0.0
0.0
0.0
1.0
0.0
0.0
0.0
0.0
0.0
0.0
0.0
0.0
0.0
0.0
0.0
0.0
0.0
0.0
0.0
0.0
0.0
0.0
0.0
0.0
0.0
0.0
0.0
0.0
0.0
0.0
0.0
0.0
0.0
-2.0
0.0
0.0
0.0
1.0
0.0
0.0
0.0
0.0
0.0
0.0
0.0
0.0
0.0
0.0
0.0
0.0
0.0
0.0
0.0
0.0
0.0
0.0
0.0
-1.0
0.0
0.0
0.0
0.0
0.0
0.0
0.0
0.0
0.0
1.0
0.0
0.0
0.0
0.0
1.0
0.0
0.0
0.0
0.0
0.0
0.0
0.0
0.0
0.0
0.0
0.0
0.0
0.0
0.0
0.0
0.0
0.0
0.0
0.0
0.0
0.0
0.0
0.0
0.0
0.0
0.0
0.0
-1.0
-1.0
0.0
0.0
0.0
0.0
1.0
0.0
0.0
0.0
0.0
0.0
0.0
0.0
0.0
0.0
-1.0
0.0
0.0
0.0
1.0
1.0
0.0
0.0
0.0
0.0
-1.0
0.0
0.0
0.0
0.0
0.0
0.0
0.0
0.0
0.0
0.0
0.0
0.0
0.0
0.0
-1.0
0.0
0.0
0.0
1.0
-1.0
0.0
0.0
0.0
0.0
0.0
0.0
0.0
0.0
0.0
0.0
-1.0
0.0
0.0
0.0
0.0
-1.0
0.0
0.0
0.0
0.0
0.0
0.0
0.0
0.0
0.0
0.0
0.0
1.0
0.0
1.0
0.0
0.0
0.0
-1.0
0.0
0.0
0.0
0.0
0.0
0.0
0.0
-1.0
0.0
0.0
0.0
0.0
0.0
0.0
0.0
0.0
0.0
0.0
0.0
0.0
0.0
0.0
0.0
1.0
0.0
0.0
0.0
0.0
0.0
0.0
0.0
-1.0
0.0
0.0
0.0
0.0
0.0
0.0
0.0
0.0
0.0
0.0
0.0
0.0
0.0
0.0
0.0
-1.0
0.0
0.0
0.0
0.0
0.0
0.0
1.0
0.0
0.0
0.0
0.0
0.0
0.0
0.0
0.0
0.0
0.0
0.0
0.0
0.0
0.0
0.0
0.0
0.0
0.0
0.0
0.0
0.0
0.0
0.0
0.0
0.0
0.0
0.0
-1.0
0.0
0.0
0.0
0.0
0.0
0.0
0.0
0.0
0.0
1.0
1.0
-1.0
0.0
0.0
0.0
0.0
0.0
0.0
0.0
0.0
0.0
0.0
0.0
0.0
-1.0
0.0
0.0
1.0
0.0
0.0
2.0
1.0
0.0
0.0
0.0
0.0
0.0
0.0
0.0
0.0
0.0
0.0
0.0
0.0
0.0
0.0
0.0
0.0
0.0
0.0
0.0
0.0
0.0
1.0
0.0
0.0
0.0
-1.0
0.0
0.0
0.0
0.0
0.0
0.0
-1.0
0.0
0.0
0.0
0.0
0.0
0.0
0.0
0.0
0.0
0.0
0.0
-1.0
0.0
-1.0
0.0
0.0
0.0
2.0
0.0
-1.0
0.0
0.0
0.0
0.0
1.0
0.0
2.0
0.0
0.0
0.0
0.0
0.0
0.0
0.0
0.0
-1.0
0.0
0.0
0.0
0.0
0.0
-1.0
0.0
0.0
0.0
0.0
0.0
3.0
0.0
0.0
0.0
0.0
0.0
0.0
0.0
0.0
-1.0
1.0
0.0
0.0
0.0
0.0
0.0
0.0
0.0
0.0
0.0
0.0
0.0
0.0
0.0
0.0
0.0
-1.0
0.0
0.0
0.0
0.0
0.0
1.0
0.0
0.0
-1.0
0.0
0.0
1.0
0.0
-1.0
1.0
2.0
0.0
0.0
0.0
0.0
0.0
0.0
0.0
0.0
0.0
0.0
0.0
0.0
0.0
1.0
0.0
0.0
0.0
0.0
0.0
0.0
0.0
1.0
0.0
0.0
0.0
0.0
0.0
0.0
1.0
0.0
0.0
0.0
0.0
0.0
-1.0
0.0
0.0
-1.0
0.0
0.0
0.0
0.0
-1.0
0.0
-1.0
0.0
0.0
0.0
1.0
0.0
0.0
0.0
0.0
0.0
0.0
0.0
0.0
0.0
0.0
1.0
0.0
0.0
0.0
0.0
0.0
0.0
0.0
3.0
0.0
0.0
0.0
0.0
-1.0
0.0
0.0
1.0
1.0
0.0
1.0
0.0
0.0
1.0
0.0
0.0
0.0
1.0
-1.0
-1.0
0.0
1.0
0.0
0.0
-1.0
1.0
0.0
0.0
0.0
0.0
0.0
0.0
0.0
-1.0
0.0
0.0
0.0
0.0
0.0
0.0
0.0
0.0
0.0
0.0
0.0
-1.0
1.0
0.0
0.0
-1.0
0.0
0.0
0.0
0.0
0.0
0.0
0.0
0.0
0.0
0.0
0.0
-1.0
1.0
0.0
0.0
0.0
0.0
0.0
0.0
0.0
0.0
1.0
0.0
0.0
0.0
0.0
1.0
0.0
0.0
0.0
0.0
0.0
0.0
0.0
-1.0
0.0
0.0
0.0
0.0
1.0
0.0
0.0
0.0
0.0
0.0
0.0
-1.0
0.0
-1.0
0.0
0.0
1.0
-1.0
0.0
0.0
0.0
1.0
0.0
0.0
0.0
0.0
0.0
0.0
0.0
0.0
0.0
0.0
1.0
0.0
1.0
0.0
0.0
0.0
0.0
0.0
0.0
1.0
2.0
0.0
0.0
0.0
1.0
0.0
0.0
0.0
0.0
0.0
0.0
0.0
-1.0
0.0
0.0
0.0
0.0
0.0
0.0
0.0
0.0
0.0
0.0
0.0
0.0
0.0
1.0
0.0
0.0
1.0
0.0
0.0
1.0
0.0
0.0
0.0
0.0
0.0
0.0
0.0
0.0
0.0
0.0
0.0
0.0
0.0
0.0
0.0
0.0
1.0
0.0
1.0
0.0
0.0
0.0
-1.0
0.0
-1.0
0.0
-1.0
0.0
1.0
0.0
0.0
0.0
0.0
0.0
-1.0
-1.0
0.0
0.0
2.0
0.0
0.0
0.0
0.0
0.0
0.0
0.0
0.0
0.0
0.0
0.0
-3.0
0.0
0.0
-1.0
0.0
-1.0
0.0
0.0
2.0
0.0
0.0
0.0
-1.0
0.0
1.0
0.0
-1.0
0.0
0.0
-1.0
-1.0
0.0
0.0
1.0
-1.0
0.0
0.0
0.0
-1.0
0.0
1.0
0.0
-1.0
0.0
-1.0
0.0
0.0
1.0
0.0
-1.0
1.0
0.0
0.0
0.0
0.0
-1.0
0.0
0.0
-1.0
0.0
1.0
0.0
0.0
0.0
0.0
0.0
0.0
0.0
-1.0
-1.0
0.0
-1.0
0.0
0.0
0.0
0.0
0.0
0.0
1.0
0.0
0.0
0.0
0.0
1.0
-1.0
0.0
0.0
0.0
0.0
0.0
0.0
1.0
0.0
0.0
0.0
-2.0
0.0
0.0
0.0
-1.0
0.0
-1.0
1.0
1.0
0.0
-1.0
0.0
0.0
0.0
1.0
0.0
0.0
-1.0
1.0
0.0
0.0
0.0
0.0
0.0
0.0
0.0
0.0
0.0
0.0
0.0
-1.0
0.0
1.0
0.0
-1.0
0.0
0.0
0.0
0.0
0.0
0.0
0.0
-1.0
0.0
0.0
0.0
0.0
0.0
-1.0
0.0
0.0
0.0
0.0
-1.0
-1.0
0.0
0.0
0.0
0.0
1.0
1.0
0.0
0.0
0.0
0.0
0.0
0.0
0.0
0.0
0.0
0.0
1.0
1.0
0.0
-1.0
0.0
0.0
0.0
0.0
0.0
0.0
0.0
1.0
0.0
1.0
2.0
0.0
0.0
0.0
2.0
0.0
0.0
1.0
1.0
0.0
0.0
0.0
-1.0
2.0
0.0
0.0
0.0
0.0
0.0
0.0
0.0
1.0
0.0
0.0
0.0
0.0
-1.0
-1.0
0.0
0.0
0.0
0.0
0.0
0.0
-1.0
0.0
0.0
0.0
0.0
0.0
0.0
0.0
0.0
0.0
0.0
1.0
0.0
0.0
0.0
0.0
0.0
0.0
-1.0
0.0
-1.0
0.0
0.0
0.0
-1.0
0.0
0.0
0.0
0.0
0.0
0.0
0.0
0.0
0.0
0.0
0.0
-1.0
0.0
0.0
0.0
0.0
0.0
0.0
2.0
0.0
0.0
0.0
0.0
0.0
0.0
1.0
0.0
0.0
0.0
0.0
1.0
0.0
1.0
-1.0
0.0
0.0
0.0
0.0
0.0
0.0
0.0
0.0
0.0
0.0
0.0
0.0
0.0
0.0
0.0
1.0
0.0
1.0
0.0
0.0
-1.0
0.0
0.0
0.0
0.0
0.0
0.0
0.0
-1.0
1.0
-1.0
0.0
0.0
1.0
-1.0
0.0
1.0
0.0
0.0
0.0
0.0
0.0
0.0
0.0
0.0
0.0
-1.0
0.0
0.0
0.0
0.0
0.0
0.0
0.0
0.0
0.0
0.0
0.0
0.0
0.0
1.0
0.0
0.0
0.0
0.0
0.0
0.0
0.0
0.0
0.0
0.0
1.0
0.0
0.0
0.0
0.0
0.0
0.0
0.0
0.0
0.0
-1.0
0.0
0.0
0.0
0.0
0.0
0.0
0.0
0.0
0.0
0.0
0.0
-1.0
0.0
0.0
0.0
0.0
0.0
1.0
0.0
0.0
0.0
0.0
-1.0
-1.0
0.0
0.0
0.0
0.0
0.0
-2.0
1.0
0.0
1.0
0.0
0.0
0.0
1.0
1.0
0.0
0.0
0.0
0.0
0.0
0.0
0.0
0.0
0.0
1.0
0.0
-1.0
-1.0
0.0
0.0
0.0
-2.0
0.0
0.0
0.0
0.0
0.0
0.0
0.0
0.0
-1.0
0.0
1.0
0.0
0.0
0.0
0.0
0.0
1.0
0.0
0.0
1.0
0.0
0.0
0.0
1.0
0.0
0.0
-1.0
0.0
1.0
0.0
0.0
0.0
0.0
0.0
-1.0
0.0
0.0
0.0
-1.0
0.0
-1.0
0.0
0.0
0.0
0.0
1.0
0.0
0.0
-1.0
0.0
0.0
0.0
0.0
0.0
0.0
0.0
0.0
0.0
1.0
0.0
0.0
0.0
0.0
1.0
0.0
0.0
0.0
0.0
0.0
0.0
0.0
1.0
0.0
0.0
0.0
1.0
0.0
1.0
0.0
0.0
0.0
0.0
0.0
0.0
-1.0
0.0
0.0
0.0
0.0
0.0
0.0
0.0
0.0
0.0
0.0
-1.0
1.0
-1.0
0.0
0.0
0.0
-1.0
-1.0
1.0
0.0
0.0
0.0
0.0
0.0
0.0
0.0
0.0
0.0
0.0
0.0
0.0
0.0
0.0
0.0
0.0
0.0
0.0
0.0
0.0
0.0
0.0
0.0
0.0
0.0
0.0
0.0
2.0
0.0
1.0
-1.0
1.0
0.0
0.0
0.0
-1.0
0.0
0.0
0.0
0.0
0.0
0.0
0.0
0.0
0.0
0.0
-1.0
0.0
0.0
0.0
0.0
0.0
0.0
0.0
0.0
0.0
0.0
0.0
0.0
0.0
0.0
0.0
0.0
-1.0
0.0
1.0
0.0
-1.0
0.0
0.0
0.0
0.0
0.0
0.0
0.0
0.0
1.0
0.0
0.0
0.0
0.0
0.0
1.0
0.0
1.0
0.0
0.0
0.0
0.0
0.0
0.0
1.0
0.0
0.0
0.0
0.0
0.0
0.0
0.0
0.0
0.0
0.0
0.0
-1.0
0.0
0.0
0.0
0.0
0.0
-1.0
0.0
0.0
1.0
0.0
0.0
0.0
0.0
0.0
0.0
0.0
0.0
0.0
1.0
0.0
1.0
0.0
0.0
0.0
0.0
1.0
0.0
0.0
0.0
0.0
0.0
0.0
0.0
0.0
0.0
0.0
0.0
-1.0
0.0
0.0
0.0
0.0
0.0
0.0
-1.0
0.0
0.0
0.0
0.0
-1.0
0.0
0.0
-1.0
0.0
0.0
0.0
1.0
0.0
-1.0
0.0
0.0
1.0
0.0
0.0
0.0
0.0
-1.0
-1.0
-1.0
0.0
0.0
0.0
0.0
0.0
0.0
0.0
0.0
0.0
0.0
0.0
0.0
0.0
0.0
0.0
0.0
0.0
0.0
0.0
0.0
0.0
0.0
0.0
0.0
0.0
0.0
0.0
0.0
0.0
0.0
0.0
0.0
0.0
0.0
0.0
0.0
0.0
0.0
0.0
0.0
0.0
0.0
0.0
0.0
0.0
0.0
0.0
0.0
0.0
0.0
0.0
0.0
0.0
0.0
0.0
0.0
0.0
0.0
0.0
0.0
0.0
0.0
0.0
0.0
0.0
0.0
0.0
0.0
0.0
0.0
0.0
0.0
0.0
0.0
0.0
0.0
0.0
0.0
0.0
0.0
0.0
0.0
0.0
0.0
0.0
0.0
0.0
0.0
0.0
0.0
0.0
0.0
0.0
0.0
0.0
0.0
0.0
0.0
0.0
0.0
0.0
0.0
0.0
0.0
0.0
0.0
0.0
0.0
0.0
0.0
0.0
0.0
0.0
0.0
0.0
0.0
0.0
0.0
0.0
0.0
0.0
0.0
0.0
0.0
0.0
0.0
0.0
0.0
0.0
0.0
760.0
229280.0
34040.0
372736.0
9024.0
356352.0
0.0
0.0
776.0
409600.0
84.0
211232.0
0.0
0.0
0.0
0.0
0.0
0.0
264.0
199664.0
0.0
0.0
2464.0
201888.0
128.0
228504.0
0.0
0.0
